阿根廷	中高等收入国家	899	1062	691	718	792	786	1054	1020	937	801	640	552	688	735	643	509	546	884	393	425	442
亚美尼亚	中高等收入国家	109	119	140	200	151	0	206	192	135	226	116	136	121	137	125	121	113	125	107	101	112
澳大利亚	高收入国家	1858	1928	2187	2364	2418	2559	2555	2837	2718	2821	2494	2409	2383	2627	3061	1988	2291	2620	2503	2757	2637
奥地利	高收入国家	2028	1961	1815	1932	2120	2248	2270	2271	2385	2298	2263	2424	2154	2258	2162	2092	2205	2078	2073	2039	2066
阿塞拜疆	中高等收入国家	0	0	203	234	246	270	281	246	287	226	264	254	193	144	156	168	184	144	204	155	147
比利时	高收入国家	591	577	571	601	519	514	517	490	454	575	669	620	636	755	715	889	949	1054	1001	892	876
孟加拉国	中低等收入国家	49	70	59	43	58	48	50	22	29	60	55	66	37	67	60	44	41	77	61	69	68
保加利亚	中高等收入国家	282	231	283	289	278	263	261	243	211	249	242	243	262	245	282	218	280	230	202	180	186
波斯尼亚和黑塞哥维那	中高等收入国家	23	31	52	0	32	50	66	55	0	59	0	56	43	2	7	41	0	60	87	84	45
白俄罗斯	中高等收入国家	993	994	930	895	1082	1065	1166	1188	1405	1510	1753	1759	1725	1681	1489	652	543	455	434	453	298
巴西	中高等收入国家	2816	3179	3439	3481	3866	4044	4054	3956	4194	4280	4271	4228	4695	4798	4959	4659	4641	5200	5480	4980	5464
加拿大	高收入国家	4061	4187	3963	3959	3929	5231	5183	5522	4998	5061	5067	4550	4754	4709	4567	4198	4277	4078	4053	4349	4238
瑞士	高收入国家	1916	2083	1859	1827	1831	1742	1643	1740	1692	1594	1684	1622	1597	1480	1525	1480	1477	1462	1337	1283	1369
智利	高收入国家	204	241	246	391	329	382	361	291	403	531	343	328	339	336	340	452	443	386	425	406	438
中国	中高等收入国家	15626	25346	30038	39806	56769	65786	93485	122318	153060	194579	229096	293066	415829	535313	704936	801135	968252	1204981	1245709	1393815	1243568
哥伦比亚	中高等收入国家	68	75	65	54	82	76	99	142	128	126	128	133	183	213	251	260	321	545	595	415	422
哥斯达黎加	中高等收入国家	31	28	21	23	33	26	17	22	20	24	16	8	13	9	18	15	17	9	19	8	16
古巴	中高等收入国家	110	0	0	0	0	0	105	94	74	69	59	0	62	38	27	24	0	32	29	29	27
捷克共和国	高收入国家	596	555	568	526	625	623	586	641	716	712	789	868	783	867	984	910	880	792	794	678	765
德国	高收入国家	50029	51736	49989	47598	47818	48448	48367	48012	47853	49240	47859	47047	46986	46620	47353	48154	47384	48480	47785	46617	46632
丹麦	高收入国家	1656	1730	1757	1815	1772	1877	1658	1503	1660	1634	1518	1626	1574	1406	1341	1377	1462	1552	1490	1262	1351
多米尼加共和国	中高等收入国家	0	5	11	11	18	24	8	15	34	8	17	15	15	19	12	16	25	28	20	17	23
阿尔及利亚	中低等收入国家	36	32	51	43	30	58	59	58	84	0	0	76	94	119	118	94	89	106	149	152	113
厄瓜多尔	中高等收入国家	15	10	7	13	7	14	11	8	4	2	6	4	0	0	7	24	20	45	16	34	29
阿拉伯埃及共和国	中低等收入国家	536	534	464	627	493	382	428	0	516	481	490	605	618	683	641	752	718	920	1025	997	1027
西班牙	高收入国家	2439	2710	2528	2763	2813	2871	3040	3111	3267	3632	3596	3566	3430	3266	3026	2953	2799	2745	2167	1525	1288
爱沙尼亚	高收入国家	13	13	18	19	18	27	23	36	44	62	76	84	62	20	25	44	30	29	37	24	31
芬兰	高收入国家	2511	2579	2390	2162	1972	2011	1830	1816	1804	1799	1806	1731	1650	1698	1596	1419	1289	1260	1390	1387	1321
法国	高收入国家	13592	13870	13499	13519	13511	14230	14327	14529	14722	14658	14100	14748	14655	14540	14690	14500	14306	14206	14415	14303	14103
英国	高收入国家	21333	22050	21423	20624	20426	19178	17833	17484	17375	16523	15985	15490	15343	15370	14972	15196	14867	13876	13301	12865	12061
格鲁吉亚	中高等收入国家	265	232	254	194	195	249	225	236	248	222	256	183	138	139	114	110	99	96	75	103	85
希腊	高收入国家	290	306	385	376	393	379	462	532	575	628	698	728	721	628	698	651	550	606	498	430	356
危地马拉	中高等收入国家	28	54	30	8	6	9	17	28	9	5	7	7	4	7	4	10	7	3	3	6	7
洪都拉斯	中低等收入国家	8	4	7	7	0	0	0	0	0	0	0	0	2	8	6	0	4	10	4	8	0
克罗地亚	高收入国家	246	337	362	328	387	385	363	317	344	330	250	257	230	217	230	170	169	175	148	121	195
匈牙利	高收入国家	729	810	919	842	756	748	705	718	689	683	757	649	662	692	642	546	569	616	496	407	427
印度尼西亚	中低等收入国家	152	157	212	234	201	227	235	288	284	386	415	508	533	0	663	702	1058	1101	2271	1407	3093
印度	中低等收入国家	2206	2206	2379	2693	3425	4014	4721	5686	6296	6425	7262	8853	8841	9553	10669	12040	12579	13199	14961	16289	19454
伊朗伊斯兰共和国	中低等收入国家	366	410	691	910	1287	2426	4051	5970	10648	15403	12184	11108	11529	10622	11305	13683	0	14930	15264	11908	11569
冰岛	高收入国家	35	51	49	71	57	66	47	45	61	50	64	57	50	37	33	51	40	35	36	56	47
以色列	高收入国家	2053	1599	1248	1213	1329	1544	1669	1342	1615	1528	1387	1450	1360	1319	1201	1125	1285	1300	1436	1506	1368
意大利	高收入国家	6281	7877	0	0	0	0	0	0	9255	8588	8814	8877	8794	8439	8307	8601	0	8848	8643	8921	9229
牙买加	中高等收入国家	0	11	4	15	9	11	10	21	6	15	17	14	20	25	22	33	7	19	11	26	14
约旦	中高等收入国家	0	71	52	21	25	42	49	75	59	50	60	45	40	48	35	40	41	22	26	24	21
日本	高收入国家	357531	384201	382815	365204	358184	368416	367960	347060	333498	330110	295315	290081	287580	287013	271731	265959	258839	260244	260292	253630	245372
哈萨克斯坦	中高等收入国家	1352	1399	1607	1594	1696	1756	1523	1433	1633	1483	1513	1691	1415	0	1824	1742	1271	993	1055	789	0
肯尼亚	中低等收入国家	25	0	0	23	22	31	34	41	41	63	48	77	135	123	127	132	137	144	135	244	294
吉尔吉斯斯坦	中低等收入国家	60	80	84	123	179	0	0	0	155	135	146	134	124	110	111	132	122	84	137	0	92
韩国	高收入国家	55970	72831	73714	76570	90313	105250	122188	125476	128701	127114	127316	131805	138034	148136	159978	164073	167275	163424	159084	162561	171603
斯里兰卡	中低等收入国家	119	71	120	123	95	120	149	153	151	201	202	225	194	0	328	0	218	280	277	343	356
立陶宛	高收入国家	86	66	68	85	64	70	68	65	62	87	91	108	93	109	117	123	101	95	81	81	90
卢森堡	高收入国家	24	85	51	41	16	23	24	26	15	48	60	79	85	109	113	128	128	143	156	152	117
拉脱维亚	高收入国家	91	98	117	150	91	108	112	114	139	206	240	178	173	193	225	103	136	95	90	86	82
摩洛哥	中低等收入国家	0	104	0	0	0	104	140	178	150	177	135	152	169	197	316	355	224	237	198	187	199
摩纳哥	高收入国家	15	6	6	8	5	7	2	6	11	7	3	6	6	4	5	6	5	7	18	4	10
摩尔多瓦	中高等收入国家	256	240	437	239	293	297	377	303	333	273	134	139	97	93	67	67	64	91	73	92	85
马达加斯加	低收入国家	10	7	0	4	3	16	7	4	9	14	1	9	3	4	4	5	3	6	9	9	0
墨西哥	中高等收入国家	455	431	534	526	468	565	584	574	629	685	822	951	1065	1294	1210	1246	1364	1310	1334	1555	1305
北马其顿	中高等收入国家	64	71	66	42	48	44	53	55	105	34	39	27	37	50	42	0	0	0	0	0	0
马耳他	高收入国家	11	23	26	22	0	0	0	0	10	14	8	12	9	11	13	5	9	3	0	0	5
蒙古	中低等收入国家	0	0	106	121	167	143	100	103	0	0	76	110	0	0	133	139	109	112	124	82	84
莫桑比克	低收入国家	2	0	0	0	0	0	0	1	18	2	7	15	8	14	13	14	24	15	24	34	23
马来西亚	中高等收入国家	218	206	271	322	376	522	522	531	670	818	1234	1231	1076	1114	1199	1353	1272	1109	1166	1116	1071
荷兰	高收入国家	2545	2465	2110	2122	2288	2187	2217	2168	2079	2421	2575	2527	2585	2375	2315	2294	2207	2290	2241	2111	2228
挪威	高收入国家	1335	1311	1189	1178	1079	1142	1143	1119	1225	1150	1246	1117	1122	1009	1101	1106	1153	1227	1152	1082	957
新西兰	高收入国家	1420	1463	1768	1839	1845	1631	1893	2153	1892	1256	1555	1585	1501	1425	1614	1636	1184	1075	1014	1017	324
巴基斯坦	中低等收入国家	44	46	58	55	57	73	143	91	109	170	0	114	92	96	151	146	209	204	193	306	313
秘鲁	中高等收入国家	48	40	36	29	32	38	27	39	28	31	37	39	39	54	73	83	67	72	100	89	137
菲律宾	中低等收入国家	144	154	135	149	141	158	210	223	225	216	172	170	186	162	220	334	375	327	323	529	501
波兰	高收入国家	2285	2404	2202	2313	2268	2381	2028	2157	2392	2488	2899	3203	3879	4410	4237	3941	4676	4261	3924	4207	3887
朝鲜	低收入国家	0	0	0	0	0	0	5861	6350	6846	0	7956	8018	7956	8354	0	0	0	0	0	0	0
葡萄牙	高收入国家	81	81	107	130	125	123	158	184	250	381	571	499	571	621	647	722	925	724	644	661	703
罗马尼亚	中高等收入国家	1061	1003	1128	1478	881	937	916	814	827	995	1054	1382	1424	1022	993	952	975	1005	1098	1100	881
俄罗斯联邦	中高等收入国家	19900	23377	24777	23712	24969	22985	23644	27884	27505	27712	25598	28722	26495	28701	28765	24072	29269	26795	22777	24926	23337
沙特阿拉伯	高收入国家	72	76	46	61	56	81	119	119	128	0	0	288	347	0	491	652	715	1070	909	1078	1188
苏丹	低收入国家	2	6	1	2	6	4	6	3	3	340	332	252	249	0	269	0	267	284	281	349	238
新加坡	高收入国家	374	516	524	624	626	641	569	626	696	793	750	895	1056	1081	1143	1303	1469	1601	1609	1575	1727
塞尔维亚	中高等收入国家	0	0	0	0	0	473	372	432	395	386	319	290	180	192	201	202	178	192	171	163	168
斯洛伐克共和国	高收入国家	213	236	246	259	210	215	155	193	239	167	176	234	224	168	184	211	228	220	183	217	206
斯洛文尼亚	高收入国家	261	307	301	300	310	342	344	287	331	301	373	442	470	0	0	0	0	0	0	255	0
瑞典	高收入国家	4142	4224	3926	3358	3025	2768	2522	2446	2527	2549	2186	2196	2004	2288	2332	1984	2038	2032	1992	1838	1802
阿拉伯叙利亚共和国	低收入国家	87	247	189	183	213	205	105	124	0	0	0	0	0	0	0	0	198	0	120	103	121
泰国	中高等收入国家	738	561	534	615	802	819	891	1040	945	902	1025	1214	927	1020	1572	1006	1029	1098	979	904	821
突尼斯	中低等收入国家	67	47	22	45	35	46	56	77	76	76	105	113	137	150	112	142	180	235	172	180	0
土耳其	中高等收入国家	276	277	337	414	489	682	928	1072	1810	2221	2555	3180	3885	4434	4392	4766	5352	6230	8175	7156	7871
乌克兰	中低等收入国家	5401	5620	7208	1601	1635	4090	3538	3474	3440	2825	2434	2556	2649	2491	2856	2457	2271	2233	2283	2107	2097
美国	高收入国家	149251	164795	177513	184245	188941	189536	207867	221784	241347	231588	224912	241977	247750	268782	287831	285096	288335	295327	293904	285095	285113
乌兹别克斯坦	中低等收入国家	767	755	803	715	931	273	264	323	324	262	238	370	282	257	299	345	288	353	357	470	374
越南	中低等收入国家	35	34	52	69	78	103	180	196	219	204	258	306	300	382	443	487	582	560	592	646	720
也门共和国	低收入国家	9	7	6	9	16	10	20	14	11	0	0	20	7	36	43	29	5	16	15	0	60
南非	中高等收入国家	138	895	966	983	922	956	1003	866	915	860	822	821	656	608	638	802	889	704	728	657	567
赞比亚	中低等收入国家	5	0	6	3	3	1	5	4	19	26	9	5	3	7	13	14	20	15	12	11	2
